$ANSIBLE_VAULT;1.1;AES256
31313931326531613236626531303161326635346333306639323330353664373839353934373264
6161656439663636393831646465373462623963643132390a376163313036656366336138653731
34346130613331393362393633343532636534363731646431626466646165393063376164346163
3361366333396163350a306566643864326362396334346663333435656463666136623561316433
36643638313830303537303164633736613333306433636538303034356264303330626136616566
30353934316665333965383864346130343737623861383134353764313730306538376166353065
37623139366432336432353930663235323161633039646330393830336631373132326661396562
31386561623539333461303132333932613231613530353662303637313032313364323462313935
36393564343665646162383731303731316436313936336365656239333739343532353031306530
38373537336531626437343733323436376132316165656562656530366463623230396632636563
38386635656362313830383261383562623738306330663666383334303930346330306337303663
62363030383130336339363163343236393062646335343362353231653939366165313966393833
38663639616434393465386263313536333862363635356535366437313134623966633430356437
63343134356134633237376532306138316465353135383339616337373665643633333639323033
66666131656639376365633864306665313735646463313635653761616564373638366533346139
66323330353238386637643362303562383637613434313636616436376561653466303233323734
34343161626537616466616434376237613134363734376532343533373934313634303263393235
65383661353334353261393038363862363232613366653361323566346166303134633937343762
34363432653665643435393236393064636466346133366639636231656232356262373161666361
37353636343632376563393163353631663266623735363633616164333436363833353035323765
37363030326332626432613331336265303333653934363465363738393066656232633731323532
34623134663436353862656334323161633065386132363033353866623761646233343864666665
61666563373034303333393763363334336431626637396162653937326532646432616136636135
39346639376661643535393964623037376638396366663461343865303233306133376361626131
34613164633662343738393665326230656637653335393761646138613764303564643866326532
36393337373363313761396536633738643161373432343463333630616338626439336666393537
33386530323736323634623332303662326662616337383134623739646336636433323137633730
62303566616437653236326562653532333261656539363330613364623438666466353636326562
30663932353737363736646461376161616561623063393865613530623031613935623634663831
38316562353966656137653562386636366634376464366562383138393939386165326437336565
35653936376263613234306236313965663166653466363733396235396366336137303865333664
36396430653435346366343664623537613963376362653536646562396565393861623932346232
63383532393030323262663239666663656563623536356131333034626435313165376465646663
34663933363261333762666333313432316566313564336631303433343635616133646466376138
66393966343434376639303361316466663835663134353535373430663735653434343135623866
35353236323037346439356163303038663563316361316337363365313930633863396134316466
66303333386264313561623337616331353435383364386235653239613564643365666636366636
64313562666135323834383232623430666330623833313466616666393435653764336165663133
62366363326462346561353666636562656263636165643566343132313836316638633934343666
35646539356536303238323030616465646332366236373638643037626566343963393538363963
64376430623666346130383464303638363564623162646162663033386465636236633131346566
30646665323736366265393937643335353365386361396135623065313031306139373764373437
38626236393533666334303166623134633838316538623933373337396338623765336138653662
36613561323039383334623533653531633139353931333564343436303064313365663831393366
64646434643030643161616239646363306362663536316363633561633966343930363465653333
63333331616239306230613463323537633864323631633265636533336465343534303663336330
31343437313338363962396165313536656330643562666630303638393861353535333566343139
34396638313635326664653537623238336335616337646633353733623835316434313762306536
34636135333530633634663164343230393738323562373564333664353735663239663531313336
63366165346164646366373437656535353965336135616237393662373337333662353163346163
63313034376562643734363431616566303861623264393939613861343333353634396639353264
61303538373735616261666565633262383363353465343433616630343966366361383634323433
36373661616132663533653935623863323962353439393061353364366138303839353739323933
34306263393030333966343861373162636639383638356336353233383633326231316536306531
30346236303131343531373833393034363839313963613162323861383564343436383866383231
34646266303030396262666239303733326562343931616235626631303235646263663765633861
37323430333664313665323537363733333765373134363266386239343765343436643131383239
64396337636634656438633936326262393139336236393531636137376165336236616132396330
66393866333736616462353934616236353534653639386630313266363062653335306663356639
34366562656635386332396434353634386262313064313866343263623439313738323731303665
30386364613161313333346235373035656265323566366138643431643830363131623264373361
38313661376563613365643562623133366535613139326663303563646531306538613236373561
32636339343461373036393632616531623164623763616632393630643938396139306261656533
38663264393933343462376363323361623566656331336331343564306231666331663034663534
34366631653034376137323961643263633032363530653966303963663835383663383739343234
30353931613863643562323762373235653837623830366435653836303035353663326538346265
61356233326462356339396262393034393362353231653464626532326434616264623662303766
39666638643563376661313065383363666661656130386639666134666466323264306137626139
64356462366239613839333839386334373236663638633434316630616165636637363462633836
36666239386336346434353238353062346531666464633439356162333837656665633066346237
37633962383231323933646334663861353466343136366336343239343665356537316231313833
38326533363139393138623365343536323536383139366230323337313932663933616534383438
65636263623866363937623738303238656234333466333765343438303164306136616138306433
62363266373236326266623438343865313330646131623839336234643661373830383061326639
34343039623931386534346238346333313233383835336235626432383263326263656232303935
66356332383539623162343736306662643532366261333731323865656365373237656433366463
34373132646361353339346434303737333861626137396461626262326362336636376137663964
66363261636135323161393734316134613761376234323332356236643537393962343830336339
61303961336332653065313631643431656362393236626464383066326438343237306436353538
35306562383065613539646366633364376635393762626638313939333261303266653132623535
37343863303431313932326233656466653836633033393138633732353464366365396537383164
32343932333436666130646266623438613835393435373830383137373734666235363066623335
35326135383165386135636361383834643537353330663930636663636535396232353535346563
32336663333863366665343062356233306365646135386463363932636434383335646561633464
32626532376434333134353035613431373064323730656162326162366435613639323839616233
38633834343035393562353663363530626138656435323136333736623862383938376233656533
33663733636531316430393638393638306261646235356361323262326661633136623633303230
37343162616536663931396230376532626434363261356133323864636466653263373031663038
34333137383739336235643165326135303165653036633664343237353639656633626530313533
65626364343061616461643838323736383333633363643765316266633437623936643334383761
38636234663338373032653464653061356361326530643831366465363433653238393166613265
61666239623265333639366331376335363863333966313739616566393633303630646139383466
62353062393765636334303330336335386238303937336361393766366130656665653334653138
39346630366262363836396133303537383831613434336235346238396266643766323034626631
32663065363661353030636163306638336165376662366564333934363339346364303666386639
61636435313464323038386434356332623933616131656366343061363066343264616663646530
63663337366665643061663736326162383861393638613364303539616632356235396462626562
36343336633663393836376539626530396364646530353130343834313166376138373864373530
61353530303863646564633637333735306564376432613930633538623631386132386330343534
36623037363636366531343064366332333766616133333839373334653062666233303761386532
36636337656466363161383436356238613334653039343666656335656236316632353037636436
38376334303132613532383939303035656536323566633862343732303835363666616136663936
65623163653734323963313835376236383732333665346131363963393062326163393865353537
63396166613239346535343036616434653237303362613439343937656230643436646366313434
35346462653039613166633034653561333632376137376263653237393535303638633662303231
34333064373264653762333239316632636637613634616163646361666362323330303736636365
35653634643735336439366134333538643764373061306561326134343937343434653164366237
65646631313335343964663733366262303036633032636262623932316534393763343138393933
30386634373938343232626439623732353933353661656165656263643233663930613336353265
31663666373435336436633733666534353466363835646636353838653930613734633062396265
62376261326634343065303235313264323432663738643866643564373766306530613633643731
33396639653839386339613365383337383162393633303066373433613862366666313036356663
65316137613762626463663064643733313566366165633134636133623131333031616666623336
66613866303130363964343637323765613564376366393032666165616563663466333236336563
30633563343563623938623566343631626366643735303362623531393438373134313236343264
30306631353266643232366464383035616364353765656332316565303163323334386437383266
65353564646161663534323833396437326566613962633265323765643234313039343931666366
33383034303036623765646239323563643537383466643063363465653337336435643434346437
30373030663430353130303863613265633866623338373864363633306633306638393637616462
66633666306164306534326434383236356532306434343336633736343363643532663362653566
64313635303561343739333966306233306362356361653765636534326630643866346438363463
32393465396330616537333536666431633962623433623038353638653263616632366337366366
39663936656462363666373030343030656564373236633032316338373664333539663130616632
30616430353236663536396632636136613761343736343632333330616239653961326232353465
36653865623761613331303062313834633736333538393736343532333237333334353734303030
37303961633030343664616564386364396665323239376633366635346136666463623438373232
65643434376232343666663934643730346332323435643335326138393563303034366461653062
39376666386464376631383063376162306461303630656165383830643764333464313637616561
64386166663934386330653265626239313361393336336163373562383337633864323436383336
36326532366532626239393563666663313034376161303866643931336465623932363131353366
64333336313266333636633330373431326236396630666634316464663837326632383765353838
65306438646334643432396333303432316337623664623233373333633036303938663039396362
61663066626139386337643564663837393036356539613534373364316637306166623162373437
31326234383630373135633939663364383634386266383539646336303132666637666239373031
36623131613739366432633965306162383434323864633163383739323333623336323533353537
31393965303133623666326337666461353461353762343338313833616362313232383139623932
31396234623763616432643435646537363135636162386238656533363636356135383138326330
34323137303234336637313333353831353939376666633731326166643330653138636138643038
61323539666234633761306136393735646331616362656536373435396362346539366462336663
66386334656464633665633162643332663665656136623637363935636231383631343636343736
66343735353963366135313262633865646362383134343830326535613036656635333232613162
35356432623631663537633165303338633131343737353035323735373334303662396639373335
37623332303831333030393665363034633762653764363364346133633162303537643862333434
61316662623062333036663831353637356265306335356533626231643636633065396435393439
31366236373763653362396361626330386163393063346139393533393138636334643865333839
61613039626232376532356634663565366562303137613865323232323137336263633235353037
39616166346334623362663433366665663566396435383866313733373163316132386161383732
36326265363738343264626539613863666464623063636461396639396466633932353435386132
61323235383435616464313062316239393132663538623038303831613664623637343638373536
31386563366539383138636334343361313339373761373137366563616362623139376636303131
62663331363933633438356166626536363932663464623335343438363538633739323734343963
62363561333332353238623464393062623438336164323464643031356261303930666463643538
31636131663437393031393937373166643832626231656637316261643737616465623763633762
31383562396130386162663064386332643835323337386636313738373739616266363263313830
66666130343534323533623235333861356663623530336562366235363632346131306665623532
61653930333366353230383739363331383130613530393733646134613236366138653433343732
65333532356238333932376330303431363836636136653839356266626637633364306265373738
39616334613761363135363633323439336261376236633839373633393033363536313530333361
66613537303063393738653835323730353862663930353234323965343733643639326231643563
33303537333930333639623262393162613363643233363363626332303935326132363765363663
64643765613336316534336331396664646337383262633835656566623031336565316364356135
36326362643538333561613232653433383863653264653330323130666439653534623335346538
37636138396336363937386262353861633638663366383530383332353066336431393732316664
34303838326564336436623033396336613564343233323935306166303366653762636239363633
31643435346563393933316537663930316434373238326438666461666538653131333064653236
61386264356665336461616231396563623362366163356662356364386438306661616463623764
65366636316235383038323135313163636463623964323038363831356132663966663464323966
62316237643930323530663830396534306266613461393534666537613663393766383765393437
38343331393136613932333732333839323066646238363337326331393335306230643830356436
30623235306166393039633830313337346436356535393165663330623863363831656134646637
36333936303530306238323064336162303366313465666464613039353832336165663732376534
62636236333035366435333766636434636266303236326339336135313762636137316430653564
32333334623735393537336234343165303062633062633966326638653034663132346330656436
64393038653837616335323838663931323763313733353562646536363663303063646438633633
65633534396265373837643862663564376630386631666133316261626465653235613664343963
64653736383432303734303138663937626438303235383162663765306636663363326239323631
33343438623866623632316630306263393637633365393665316136656233336137613635653561
36633065626661353763643439356637393635346466343039653431363264323066366638363338
32396537643166396463356630323539363465336534336231326166313037343437373333383362
33623861303637323038663636373964666533656233613563633265373731653337353138363530
65356361623465636263393430633131646134336262616666373161396162663737636161323635
37636132383138666339623565353662626332383962356365316365363532646534313362653961
38373539363065306231373334663362383739663564373937643735656365393235383862383737
36326537613833333232393933363561666135376133653033333835326632663633303230396231
35636436376366393338376365383631646238663630366134633236386137653764653263346662
63623537336633313531396238383837303132373637323533353766656436383934323633323565
36623566333162306362636161633638643061396338386165316237313033386132663536393534
66366236383764626461636330363830613936336266636563303861626631633661326535323938
33313630333866613833353835653561623566613838333632333066383763333263323365373333
37356665303839353133666336386237383639343732623937363737653066343362336265623865
31393336356230343236323362373130613239623031373833653131653230383864316335303830
32303964333036363530303561633734653431346234333662613232316339666137333135636137
38356464643033626435336537323331386238303661386337633461643562623834326538306136
64303037643961303265613533623539333933376261353832633737393462303135373734313963
61323032663732613462353966336465623038656537396461386561313963373433646439393861
37383732306636626563636438303833393735313534303837313766373561313066656239626535
65326637343636373066333566346134653963393162393635636637376464386166656365353564
35343439303662333730373637393936653636323838353338636463646661363362306361643165
33353330363965323166653136353032353631663765653439306537333231326166323962653931
39303063336133363964386565333931383530376666636530666630376332656335396334373030
33313236353539636666623735666363343332376339386131653436363764386534363737616366
37386238396466333332663832613137366465303935373734386535663666333038376335346135
39363634353564666265326261613039366632363937363039316261653762646433386536346162
31346531653638633834633437393834653230363334386135343266626262393166303639353938
34383033316365663939643235396430613336396166633731336239623166336465316634616230
66396361623061363939633661363161356562656664623533636237316235633530373435656635
32396337393130396361383762653930346162636334353630633062336539343838333663616533
64663764613730386337633039636533313966633738336338656263306539343066333737333066
33636433646233653461656461623333326432386238316239346231346165643630
